AoS: 1.141700ms
SoA: 0.784100ms
STD: 0.404000ms
SIMD: 0.220600ms
ULTRA: 0.086300ms
GODLIKE: 0.467700ms
PARALLEL: 0.580500ms
LUDICROUS: 0.662200ms
